55555555555555555555555555555555555555555555555555555555555555555555555555555555555555555555555555555555555555555555555555555555
54666666666666666666666666666666666666666666666666666666666666666666666666666666666666666666666666666666666666666666666666666635
56440000000000000000000000000000000000000000000000000000000000000000000000000000000000000000000000000000000000000000000000000335
56044000000000000000000000000000000000000000000000000000000000000000000000000000000000000000000000000000000000000000000000003365
56004400000000000000000000000000000000000000000000000000000000000000000000000000000000000000000000000000000000000000000000033065
56000440000000000000000000000000000000000000000000000000000000000000000000000000000000000000000000000000000000000000000000330065
56000044000000000000000000000000000000000000000000000000000000000000000000000000000000000000000000000000000000000000000003300065
56000004400000000000000000000000000000000000000000000000000000000000000000000000000000000000000000000000000000000000000033000065
56000000440000000000000000000000000000000000000000000000000000000000000000000000000000000000000000000000000000000000000330000065
56000000044000000000000000000000000000000000000000000000000000000000000000000000000000000000000000000000000000000000003300000065
56000000004400000000000000000000000000000000000000000000000000000000000000000000000000000000000000000000000000000000033000000065
56000000000440000000000000000000000000000000000000000000000000000000000000000000000000000000000000000000000000000000330000000065
56000000000044000000000000000000000000000000000000000000000000000000000000000000000000000000000000000000000000000003300000000065
56000000000004400000000000000000000000000000000000000000000000000000000000000000000000000000000000000000000000000033000000000065
56000000007000440000000000000000000000000000000000000000000000000000000000000000000000000000000000000000000000000330007000000065
56000000077700044000000000000000000000000000000000000000000000000000000000000000000000000000000000000000000000003300077700000065
56000000777770054400000000000000000000000000000000000000000000000000000000000000000000000000000000000000000000033000777770000065
56000007777777056440000000000000000000000000000000000000000000000000000000000000000000000000000000000000000000330007777777000065
56000000777770005644000000000000000000000000000000000000000000000000000000000000000000000000000000000000000003350000777770000065
56000000077700056004400000000000000000000000000000000000000000000000000000000000000000000000000000000000000033650000077700000065
56000000007000056000440000000000000000000000000000000000000000000000000000000000000000000000000000000000000330650000007000000065
56000000000000056000044000000000000000000000000000000000000000000000000000000000000000000000000000000000003300650000000000000065
56000000000000056000004400000000000000000000000000000000000000000000000000000000000000000000000000000000033000650000000000000065
56000000000000056000000440000000000000000000000000000000000000000000000000000000000000000000000000000000330000650000000000000065
56000000000000056000000044000000000000000000000000000000000000000000000000000000000000000000000000000003300000650000000000000065
56000000000000056000000004400000000000000000000000000000000000000000000000000000000000000000000000000033000000650000000000000065
56000000000000056000000000440000000000000000000000000000000000000000000000000000000000000000000000000330000000650000000000000065
56000000000000056000000000044000000000000000000000000000000000000000000000000000000000000000000000003307000000650000000000000065
56000000000000056000000000004400000000000000000000000000000000000000000000000000000000000000000000033077700000650000000000000065
56000000000000056000000000000440000000000000000000000000000000000000000000000000000000000000000000330777770000650000000000000065
56000000000000056000000000000044000000000000000000000000000000000000000000000000000000000000000003307777777000650000000000000065
56000000000000056000000000000004400000000000000000000000000000000000000000000000000000000000000033000777770000650000000000000065
56000000000000000000000000000000440000000000000000000000000000000000000000000000000000000000000330000077700000000000000000000065
56000000000000000000000000000005644000000000000000000000000000000000000000000000000000000000003350000007000000000000000000000065
56000000000000000000000000000005604400000000000000000000000000000000000000000000000000000000033650000000000000000000000000000065
56000000000000000000000000000005600440000000000000000000000000000000000000000000000000000000330650000000000000000000000000000065
56000000000000000000000000000005600044000000000000000000000000000000000000000000000000000003300650000000000000000000000000000065
56000000000000000000000000000005600004400000000000000000000000000000000000000000000000000033000650000000000000000000000000000065
56000000000000000000000000000005600000440000000000000000000000000000000000000000000000000330000650000000000000000000000000000065
56000000000000000000000000000005600000044000000000000000000000000000000000000000000000003300000650000000000000000000000000000065
56000000000000000000000000000005600000004400000000000000000000000000000000000000000000033000000650000000000000000000000000000065
56000000000000000000000000000005600000000440000000000000000000000000000000000000000000330000000650000000000000000000000000000065
56000000000000000000000000000005600000000044000000000000000000000000000000000000000003300000000650000000000000000000000000000065
56000000000000000000000000000005600000000004400000000000000000000000000000000000000033000000000650000000000000000000000000000065
56000000000000000000000000000005600000000000440000000000000000000000000000000000000330000000000650000000000000000000000000000065
56000000000000000000000000000005600000000000044000000000000000000000000000000000003300000000000650000000000000000000000000000065
56000000000000000000000000000005600000000000004400000000000000000000000000000000033000000000000650000000000000000000000000000065
56000000000000056000000000000005600000000000000440000000000000000000000000000000330000700000000650000000000000650000000000000065
56000000000000056000000000000005600000000000000044000000000000000000000000000003300007770000000650000000000000650000000000000065
56000000000000056000000000000005600000000000000564400000000000000000000000000033500077777000000650000000000000650000000000000065
56000000000000056000000000000005600000000000000560440000000000000000000000000336500777777700000650000000000000650000000000000065
56000000000000056000000000000005600000000000000560044000000000000000000000003306500077777000000650000000000000650000000000000065
56000000000000056000000000000005600000000000000560004400000000000000000000033006500007770000000650000000000000650000000000000065
56000000000000056000000000000005600000000000000560000440000000000000000000330006500000700000000650000000000000650000000000000065
56000000000000056000000000000005600000000000000560000044000000000000000003300006500000000000000650000000000000650000000000000065
56000000000000056000000000000005600000000000000560000004400000000000000033000006500000000000000650000000000000650000000000000065
56000070000000056000000000000005600000000000000000000000440000000000000330000006500000000000000650000000000000650000000007000065
56000777000000056000000000000005600000000000000000000000044000000000003300000006500000000000000650000000000000650000000077700065
56007777700000056000000000000005600000000000000000000000004400000000033000000000000000000000000650000000000000650000000777770065
56077777770000056000000000000005600000000000000000000000000440000000330000000000000000000000000650000000000000650000007777777065
56007777700000056000000000000005600000000000000000000000001111111111110000000000000000000000000650000000000000650000000777770065
56000777000000056000000000000005600000000000000000000000001111111111110000000000000000000000000650000000000000650000000077700065
56000070000000056000000000000005600000000000000000000000001111111111110000000000000000000000000650000000000000650000000007000065
56000000000000056000000000000005600000000000000000000000001111111111110000000000000000000000000650000000000000650000000000000065
56000000000000056000000000000000000000000000000000000000001111111111110000000000000000000000000000000000000000650000000000000065
56000000000000056000000000000000000000000000000000000000001111111111110000000000000000000000000000000000000000650000000000000065
56000000000000056000000000000000000000000000000000000000001111111111110000000000000000000000000000000000000000650000000000000065
56000000000000056000000000000000000000000000000000000000001111111111110000000000000000000000000000000000000000650000000000000065
56000000000000056000000000000000000000000000000000000000001111111111110000000000000000000000000000000000000000650000000000000065
56000000000000056000000000000000000000000000000000000000003300000000044000000000000000000000000000000000000000650000000000000065
56000000000000056000000000000000000000000000000000000000033000000000004400000000000000000000000000000000000000650000000000000065
56000000000000056000000000000000000000000000000000000000330000000000000440000000000000000000000000000000000000650000000000000065
56000000000000056000000000000000000000000000000560000003300000000000000044000000000000000000000000000000000000650000000000000065
56000000000000056000000000000000000000000000000560000033000000000000000004400000650000000000000000000000000000650000000000000065
56000000000000056000000000000000000000000000000560000330000000000000000000440000650000000000000000000000000000650000000000000065
56000000000000056000000000000000000000000000000560003300000000000000000000044000650000000000000000000000000000650000000000000065
56000000000000056000000000000000000000000000000560033000000000000000000000004400650000000000000000000000000000650000000000000065
56000000000000056000000000000000000000000000000560330000000000000000000000000440650000000000000000000000000000650000000000000065
56000000000000056000000000000000000000000000000563366666000000000000000066666644650000000000000000000000000000650000000000000065
56000000000000056000000000000005600000000000000033555555000000000000000055555554400000000000000650000000000000650000000000000065
56000000000000056000000000000005600000000000000330000000000000000000000000000000440000000000000650000000000000650000000000000065
56000000000000056000000000000005600000000000003300000000000000000000000000000000044000000000000650000000000000650000000000000065
56000000000000056000000000000005600000000000033000000000000000000000000000000000004400000000000650000000000000650000000000000065
56000000000000056000000000000005600000000000330000000000000000000000000000700000000440000000000650000000000000650000000000000065
56000000000000056000000000000005600000000003300000000000000000000000000007770000000044000000000650000000000000650000000000000065
56000000000000056000000000000005600000000033000000000000000000000000000077777000000004400000000650000000000000650000000000000065
56000000000000056000000000000005600000000330000000000000000000000000000777777700000000440000000650000000000000650000000000000065
56000000000000056000000000000005600000003300000000000000000000000000000077777000000000044000000650000000000000650000000000000065
56000000000000056000000000000005600000033000000000000000000000000000000007770000000000004400000650000000000000650000000000000065
56000000007000056000000000000005600000330000000000000000000000000000000000700000000000000440000650000000070000650000700000000065
56000000077700056000000000000005600003300000000000000000000000000000000000000000000000000044000650000000777000650007770000000065
56000000777770056000000000000005600033000000000000000000000000000000000000000000000000000004400650000007777700650077777000000065
56000007777777056000000000000005600330000000000000000000000000000000000000000000000000000000440650000077777770650777777000000065
56000000777770056000000000000005603300000000000000000000000000000000000000000000000000000000044650000007777700650077777000000065
56000000077700056000000000000005633666666666666660000000000000006666666666666666666666666666664450000000777000650007770000000065
56000000007000056000000000000000335555555555555550000000000000005555555555555555555555555555555440000000070000650000700000000065
56000000000000056000000000000003300000000000000000000000000000000000000000000000000000000000000044000000000000650000000000000065
56000000000000056000000000000033000000000000000000000000000000000000000000000000000000000000000004400000000000650000000000000065
56000000000000056000000000000330000000000000000000000000000000000000000000000000000000007000000000440000000000650000000000000065
56000000000000056000000000003300000000000000000000000000000000000000000000000000000000077700000000044000000000650000000000000065
56000000000000056000000000033000000000000000000000000000000000000000000000000000000000777770000000004400000000650000000000000065
56000000000000056000000000330000000000000000000000000000000000000000000000000000000007777777000000000440000000650000000000000065
56000000000000056000000003300000000000000000000000000000000000000000000000000000000000777770000000000044000000650000000000000065
56000000000000056000000033000070000000000000000000000000000000000000000000000000000000077700000000000004400000650000000000000065
56000000000000056000000330000777000000000000000000000000000000000000000000000000000000007000000000000000440000650000000000000065
56000000000000056000003300007777700000000000000000000000000000000000000000000000000000000000000000000000044000650000000000000065
56000000000000056000033000077777770000000000000000000000000000000000000000000000000000000000000000000000004400650000000000000065
56000000000000056000330000007777700000000000000000000000000000000000000000000000000000000000000000000000000440650000000000000065
56000000000000056003300000000777000000000000000000000000000000000000000000000000000000000000000000000000000044650000000000000065
56000000000000056033000000000070000000000000000000000000000000000000000000000000000000000000000000000000000004450000000000000065
56000000000000056336666666666666666666666666666666666666666666666666666666666666600000000000000066666666666666440000000000000065
56000000000000003355555555555555555555555555555555555555555555555555555555555555500000000000000055555555555555544000000000000065
56000000000000033000000000000000000000000000000000000000000000000000000000000000000000000000000000000000000000004400000000000065
56000000000000330000000000000700000000000000000000000000000000000000000000000000000000000000000000000000000000000440000000000065
56000000000003300000000000007770000000000000000000000000000000000000000000000000000000000000000000000000000000000044000000000065
56000000000033000000000000077777000000000000000000000000000000000000000000000000000000000000000000000000000000000004400000000065
56000000000330000000000000777777700000000000000000000000000000000000000000000000000000000000000000000000000000000000440000000065
56000000003300000000000000077777000000000000000000000000000000000000000000000000000000000000000000000000000000000000044000000065
56000000033000000000000000007770000000000000000000000000000070000000000000000000000000000000000000000007000000000000004400000065
56000000330000000000000000000700000000000000000000000000000777000000000000000000000000000000000000000077700000000000000440000065
56000003300000000000000000000000000000000000000000000000007777700000000000000000000000000000000000000777770000000000000044000065
56000033000000000000000000000000000000000000000000000000077777770000000000000000000000000000000000007777777000000000000004400065
56000330000000000000000000000000000000000000000000000000007777700000000000000000000000000000000000000777770000000000000000440065
56003300000000000000000000000000000000000000000000000000000777000000000000000000000000000000000000000077700000000000000000044065
56033000000000000000000000000000000000000000000000000000000070000000000000000000000000000000000000000007000000000000000000004465
56330000000000000000000000000000000000000000000000000000000000000000000000000000000000000000000000000000000000000000000000000445
53666666666666666666666666666666666666666666666666666666666666666666666666666666666666666666666666666666666666666666666666666645
55555555555555555555555555555555555555555555555555555555555555555555555555555555555555555555555555555555555555555555555555555555


